FAMILY=    1 -  YEAR=2017 MONTH=  1 DAY=  1 HOUR= 1.00 FIRST MEMBER=   8 CLASSIF=NDS
 SYS#     XLAT    XLON   TIME   SIZE    DSIZE    TMED   DTMED    TMIN   DTMIN   TMIN9  DTMIN9    FRAC     VEL   DIR  T_INI CLA SYS_ANT      IN   CGNEG  CGPOS   pc_cgneg10%   pc_cgneg50%  pc_cgneg90%  pc_cgpos10%  pc_cgpos50%  pc_cgpos90%
    8     0.28  -80.00   0.00    866   -999.9   218.8  -999.9   200.8  -999.9   203.1  -999.9     0.2     0.0  -999   0.0  N       0         0      2      0         0.00     -111.15      -15.50            0.00        0.00        0.00
    9     0.32  -80.04   0.50   1010     85.3   218.1    -1.4   201.7     1.9   204.6     3.0     0.2    12.6   314   0.5  C       8         2      1      1         0.00      -27.95      -27.95            0.00       37.48       37.48
TOTAL TIME= 0.50   DELTAX -0.04   DELTAY  0.04   LAST IMAGE= R   END=MER - NSYS:   TOT_IC=     2   TOT_CGNEG=     3   TOT_CGPOS=     1


FAMILY=    2 -  YEAR=2017 MONTH=  1 DAY=  1 HOUR= 1.00 FIRST MEMBER=  10 CLASSIF=NDS
 SYS#     XLAT    XLON   TIME   SIZE    DSIZE    TMED   DTMED    TMIN   DTMIN   TMIN9  DTMIN9    FRAC     VEL   DIR  T_INI CLA SYS_ANT      IN   CGNEG  CGPOS   pc_cgneg10%   pc_cgneg50%  pc_cgneg90%  pc_cgpos10%  pc_cgpos50%  pc_cgpos90%
   10    -9.20  -76.52   0.00   5207   -999.9   226.2  -999.9   208.6  -999.9   210.5  -999.9     0.0     0.0  -999   0.0  N       0         0      0      0         0.00        0.00        0.00            0.00        0.00        0.00
   15    -9.36  -76.44   0.50   4288    -30.9   227.0     1.5   210.2     3.2   211.9     2.8     0.0    53.7   279   0.5  S      10         0      0      0         0.00        0.00        0.00            0.00        0.00        0.00
   16    -9.72  -76.72   1.00   3082    -60.7   227.5     1.1   213.6     6.7   214.7     5.7     0.0    17.6   270   1.0  S      15         0      0      0         0.00        0.00        0.00            0.00        0.00        0.00
   22    -9.88  -76.52   1.50   1744    -97.0   228.0     0.9   213.6     0.0   217.8     6.3     0.0    36.4   284   1.5  S      16         0      0      0         0.00        0.00        0.00            0.00        0.00        0.00
   16    -9.88  -76.76   2.00   1480    -91.0   229.0     2.1   213.9     0.7   215.7    -4.3     0.0    52.9   270   2.0  C      22         0      0      0         0.00        0.00        0.00            0.00        0.00        0.00
   23   -10.12  -76.80   2.50    954   -153.8   228.8    -0.4   215.7     3.6   218.2     5.0     0.0    19.7   243   2.5  S      16         0      0      0         0.00        0.00        0.00            0.00        0.00        0.00
   22   -10.24  -76.96   3.00    773   -116.5   229.3     0.9   217.4     3.4   219.6     2.9     0.0    44.1   233   3.0  C      23         0      0      0         0.00        0.00        0.00            0.00        0.00        0.00
   17   -10.44  -77.08   3.50    589   -150.1   229.3     0.1   218.4     2.0   220.0     0.6     0.0    51.4   210   3.5  C      22         0      0      0         0.00        0.00        0.00            0.00        0.00        0.00
   18   -10.48  -77.24   4.00    523    -65.9   229.6     0.5   217.8    -1.3   220.4     0.8     0.0    36.3   255   4.0  C      17         0      0      0         0.00        0.00        0.00            0.00        0.00        0.00
   25   -10.44  -77.16   4.50    329   -253.0   229.5    -0.2   217.4    -0.7   222.9     5.0     0.0    19.7    63   4.5  C      18         0      0      0         0.00        0.00        0.00            0.00        0.00        0.00
   34   -10.36  -77.12   5.00    230   -196.8   228.0    -2.9   217.4     0.0   222.9    -0.1     0.0    19.7    26   5.0  C      25         0      0      0         0.00        0.00        0.00            0.00        0.00        0.00
   24   -10.40  -77.20   5.50    209    -53.2   227.4    -1.1   219.1     3.3   221.4    -2.9     0.0    19.7   243   5.5  C      34         0      0      0         0.00        0.00        0.00            0.00        0.00        0.00
   27   -10.40  -77.20   6.00    160   -147.5   227.3    -0.2   219.7     1.3   222.2     1.5     0.0     0.0  -999   6.0  C      24         0      0      0         0.00        0.00        0.00            0.00        0.00        0.00
   26   -10.44  -77.28   6.50    154    -21.2   229.2     3.8   222.6     5.6   223.9     3.3     0.0    19.7   243   6.5  C      27         0      0      0         0.00        0.00        0.00            0.00        0.00        0.00
   31   -10.36  -77.40   7.00     86   -314.8   231.1     3.8   225.2     5.4   226.7     5.7     0.0    31.8   303   7.0  C      26         0      0      0         0.00        0.00        0.00            0.00        0.00        0.00
TOTAL TIME= 7.00   DELTAX -0.88   DELTAY -1.16   LAST IMAGE= R   END=NOR           TOT_IC=     0   TOT_CGNEG=     0   TOT_CGPOS=     0


FAMILY=    3 -  YEAR=2017 MONTH=  1 DAY=  1 HOUR= 1.00 FIRST MEMBER=  12 CLASSIF=NDS
 SYS#     XLAT    XLON   TIME   SIZE    DSIZE    TMED   DTMED    TMIN   DTMIN   TMIN9  DTMIN9    FRAC     VEL   DIR  T_INI CLA SYS_ANT      IN   CGNEG  CGPOS   pc_cgneg10%   pc_cgneg50%  pc_cgneg90%  pc_cgpos10%  pc_cgpos50%  pc_cgpos90%
   12     2.04  -78.40   0.00   2289   -999.9   217.5  -999.9   201.7  -999.9   204.6  -999.9     0.2     0.0  -999   0.0  N       0         0      0      0         0.00        0.00        0.00            0.00        0.00        0.00
   12     2.00  -78.48   0.50   2526     54.7   218.0     0.9   202.6     1.9   205.8     2.3     0.2    19.9   243   0.5  C      12         0      3      0         0.00      -41.41      -39.19            0.00        0.00        0.00
   10     1.44  -79.04   1.00   3750     32.6   218.6     1.3   203.5     1.8   205.3    -1.0     0.1     0.0  -999   1.0  M      12         0      0      0         0.00        0.00        0.00            0.00        0.00        0.00
    9     1.44  -79.08   1.50   3701     -7.3   218.5    -0.2   202.2    -2.8   203.3    -3.9     0.1     8.9   270   1.5  C      10         2      0      0         0.00        0.00        0.00            0.00        0.00        0.00
    9     1.40  -79.16   2.00   3923     32.4   219.8     2.5   204.9     5.4   207.6     8.7     0.1    19.9   243   2.0  C       9         3      2      0         0.00      -25.42      -17.00            0.00        0.00        0.00
    3     1.36  -79.24   2.50   4011     12.3   220.8     2.1   204.0    -1.8   205.5    -4.3     0.1    19.9   243   2.5  C       9         3      8      0       -76.31      -29.68      -10.52            0.00        0.00        0.00
    4     1.36  -79.32   3.00   3896    -16.2   221.4     1.2   204.9     1.8   207.6     4.3     0.1    17.8   270   3.0  C       3         3      1      0         0.00      -20.00      -20.00            0.00        0.00        0.00
    3     1.36  -79.40   3.50   3848     -6.9   222.1     1.4   207.0     4.3   208.5     1.8     0.0    17.8   270   3.5  C       4         0      0      0         0.00        0.00        0.00            0.00        0.00        0.00
    4     1.40  -79.48   4.00   3912      9.2   222.6     1.1   203.1    -7.8   207.1    -2.9     0.0    19.9   296   4.0  C       3         3      0      0         0.00        0.00        0.00            0.00        0.00        0.00
    9     2.08  -79.00   4.50   2626    -39.0   220.3    -4.6   203.5     0.9   207.3     0.4     0.1    26.7   270   4.5  S       4         3      3      0         0.00      -28.43      -22.51            0.00        0.00        0.00
   13     2.20  -79.12   5.00   2846     26.4   218.8    -3.1   203.1    -0.9   205.7    -3.1     0.2    26.7   270   5.0  M       9         4      1      0         0.00      -25.66      -25.66            0.00        0.00        0.00
    8     2.24  -79.20   5.50   3078     43.5   218.4    -0.7   202.6    -0.9   203.7    -4.1     0.2    19.9   296   5.5  C      13         2      0      0         0.00        0.00        0.00            0.00        0.00        0.00
   10     2.36  -79.36   6.00   3245     29.3   218.2    -0.4   203.5     1.8   205.0     2.6     0.2    44.4   306   6.0  C       8         4      0      0         0.00        0.00        0.00            0.00        0.00        0.00
   10     2.08  -79.76   6.50   2408     29.0   217.8    -0.9   198.3   -10.5   202.7    -4.5     0.2    28.1   288   6.5  S      10         0      0      0         0.00        0.00        0.00            0.00        0.00        0.00
   10     2.20  -79.88   7.00   2804     36.2   219.0     2.4   201.2     5.9   203.1     0.7     0.2    26.7   270   7.0  M      10         0      0      0         0.00        0.00        0.00            0.00        0.00        0.00
    9     2.12  -79.96   7.50   2822     34.4   220.0     1.9   199.8    -2.9   200.7    -4.8     0.1     8.9   270   7.5  S      10         0      0      0         0.00        0.00        0.00            0.00        0.00        0.00
   11     2.00  -79.92   8.00   2441    -16.8   220.0     0.0   200.7     1.9   202.9     4.3     0.2    19.9   243   8.0  S       9         0      0      0         0.00        0.00        0.00            0.00        0.00        0.00
   11     2.12  -79.92   8.50   2358    -19.2   220.6     1.2   201.7     1.9   203.1     0.5     0.1    26.7     0   8.5  C      11         0      0      0         0.00        0.00        0.00            0.00        0.00        0.00
   15     2.24  -79.88   9.00   2049    -77.9   220.3    -0.5   199.3    -4.8   201.8    -2.7     0.1    28.1    18   9.0  C      11         2      0      1         0.00        0.00        0.00            0.00       20.53       20.53
   14     2.32  -79.92   9.50   1927    -34.1   221.5     2.4   199.3     0.0   202.3     1.1     0.1    19.9   333   9.5  C      15        18      4      0         0.00      -18.00      -15.66            0.00        0.00        0.00
   18     2.36  -79.92  10.00   1765    -48.8   222.3     1.6   201.2     3.9   203.9     3.1     0.1     8.9     0  10.0  C      14         0      0      0         0.00        0.00        0.00            0.00        0.00        0.00
   16     2.48  -79.96  10.50   1520    -82.9   222.6     0.6   205.3     8.1   206.2     4.7     0.1    28.1   341  10.5  C      18         0      0      0         0.00        0.00        0.00            0.00        0.00        0.00
   17     2.80  -79.96  11.00   1147   -155.4   222.3    -0.6   208.6     6.7   209.3     6.0     0.0    62.2     0  11.0  C      16         0      0      0         0.00        0.00        0.00            0.00        0.00        0.00
   23     2.76  -80.00  11.50    911   -127.4   223.1     1.6   210.2     3.2   211.5     4.5     0.0    12.6   225  11.5  C      17         0      0      0         0.00        0.00        0.00            0.00        0.00        0.00
   14     2.84  -80.16  12.00    753   -105.5   225.3     4.3   213.2     6.0   214.4     5.9     0.0    39.7   296  12.0  C      23         0      0      0         0.00        0.00        0.00            0.00        0.00        0.00
   14     3.00  -80.32  12.50    518   -205.4   226.3     2.0   216.4     6.4   218.3     7.7     0.0    50.2   314  12.5  C      14         0      0      0         0.00        0.00        0.00            0.00        0.00        0.00
   13     3.08  -80.52  13.00    376   -176.5   227.3     2.1   218.4     4.0   220.6     4.7     0.0    47.8   291  13.0  C      14         0      0      0         0.00        0.00        0.00            0.00        0.00        0.00
   13     3.12  -80.68  13.50    259   -204.7   229.9     5.2   221.6     6.4   224.6     8.0     0.0    36.6   284  13.5  C      13         0      0      0         0.00        0.00        0.00            0.00        0.00        0.00
   15     3.20  -80.84  14.00    103   -478.8   230.6     1.3   221.3    -0.6   225.8     2.4     0.0    39.7   296  14.0  C      13         0      0      0         0.00        0.00        0.00            0.00        0.00        0.00
TOTAL TIME=14.00   DELTAX -2.44   DELTAY  1.16   LAST IMAGE= R   END=NOR           TOT_IC=    47   TOT_CGNEG=    22   TOT_CGPOS=     1


FAMILY=    4 -  YEAR=2017 MONTH=  1 DAY=  1 HOUR= 1.00 FIRST MEMBER=  20 CLASSIF=NDS
 SYS#     XLAT    XLON   TIME   SIZE    DSIZE    TMED   DTMED    TMIN   DTMIN   TMIN9  DTMIN9    FRAC     VEL   DIR  T_INI CLA SYS_ANT      IN   CGNEG  CGPOS   pc_cgneg10%   pc_cgneg50%  pc_cgneg90%  pc_cgpos10%  pc_cgpos50%  pc_cgpos90%
   20     7.76  -78.04   0.00    302   -999.9   221.6  -999.9   206.2  -999.9   211.1  -999.9     0.0     0.0  -999   0.0  N       0        24      6      1         0.00      -31.69      -22.70            0.00       19.86       19.86
   16     7.76  -78.08   0.50    321     33.9   221.4    -0.4   211.0     9.6   211.7     1.3     0.0     8.8   270   0.5  C      20         0      0      0         0.00        0.00        0.00            0.00        0.00        0.00
   17     7.80  -78.12   1.00    343     36.8   224.2     5.5   213.9     5.9   215.5     7.6     0.0    12.5   314   1.0  C      16         0      0      0         0.00        0.00        0.00            0.00        0.00        0.00
   20     7.76  -78.20   1.50    279   -114.3   226.6     4.9   214.7     1.4   217.0     3.0     0.0    19.8   243   1.5  C      17         3      0      0         0.00        0.00        0.00            0.00        0.00        0.00
   20     7.80  -78.12   2.00    126   -104.6   228.6     3.9   218.8     8.2   222.0     9.9     0.0     0.0  -999   2.0  S      20         0      0      0         0.00        0.00        0.00            0.00        0.00        0.00
TOTAL TIME= 2.00   DELTAX -0.08   DELTAY  0.04   LAST IMAGE= R   END=MER - NSYS:   TOT_IC=    27   TOT_CGNEG=     6   TOT_CGPOS=     1


FAMILY=    5 -  YEAR=2017 MONTH=  1 DAY=  1 HOUR= 1.00 FIRST MEMBER=  23 CLASSIF=NDS
 SYS#     XLAT    XLON   TIME   SIZE    DSIZE    TMED   DTMED    TMIN   DTMIN   TMIN9  DTMIN9    FRAC     VEL   DIR  T_INI CLA SYS_ANT      IN   CGNEG  CGPOS   pc_cgneg10%   pc_cgneg50%  pc_cgneg90%  pc_cgpos10%  pc_cgpos50%  pc_cgpos90%
   23    -1.92  -77.32   0.00    211   -999.9   225.7  -999.9   217.8  -999.9   219.6  -999.9     0.0     0.0  -999   0.0  N       0         0      0      0         0.00        0.00        0.00            0.00        0.00        0.00
   18    -1.92  -77.56   0.50    144   -209.7   229.4     7.4   224.1    12.6   224.8    10.5     0.0    53.3   270   0.5  C      23         0      0      0         0.00        0.00        0.00            0.00        0.00        0.00
TOTAL TIME= 0.50   DELTAX -0.24   DELTAY  0.00   LAST IMAGE= R   END=NOR           TOT_IC=     0   TOT_CGNEG=     0   TOT_CGPOS=     0


FAMILY=    6 -  YEAR=2017 MONTH=  1 DAY=  1 HOUR= 1.00 FIRST MEMBER=  30 CLASSIF=NDS
 SYS#     XLAT    XLON   TIME   SIZE    DSIZE    TMED   DTMED    TMIN   DTMIN   TMIN9  DTMIN9    FRAC     VEL   DIR  T_INI CLA SYS_ANT      IN   CGNEG  CGPOS   pc_cgneg10%   pc_cgneg50%  pc_cgneg90%  pc_cgpos10%  pc_cgpos50%  pc_cgpos90%
   30    -4.56  -76.52   0.00    459   -999.9   225.6  -999.9   215.7  -999.9   216.4  -999.9     0.0     0.0  -999   0.0  N       0         0      0      0         0.00        0.00        0.00            0.00        0.00        0.00
   22    -4.52  -76.80   0.50    390    -90.3   228.0     4.9   220.4     9.3   221.0     9.3     0.0    62.8   278   0.5  C      30         0      0      0         0.00        0.00        0.00            0.00        0.00        0.00
   25    -4.48  -76.96   1.00    200   -357.8   230.7     5.4   226.1    11.4   227.0    11.9     0.0    36.6   284   1.0  C      22         0      0      0         0.00        0.00        0.00            0.00        0.00        0.00
TOTAL TIME= 1.00   DELTAX -0.44   DELTAY  0.08   LAST IMAGE= R   END=NOR           TOT_IC=     0   TOT_CGNEG=     0   TOT_CGPOS=     0


FAMILY=    7 -  YEAR=2017 MONTH=  1 DAY=  1 HOUR= 1.00 FIRST MEMBER=  34 CLASSIF=NDS
 SYS#     XLAT    XLON   TIME   SIZE    DSIZE    TMED   DTMED    TMIN   DTMIN   TMIN9  DTMIN9    FRAC     VEL   DIR  T_INI CLA SYS_ANT      IN   CGNEG  CGPOS   pc_cgneg10%   pc_cgneg50%  pc_cgneg90%  pc_cgpos10%  pc_cgpos50%  pc_cgpos90%
   34     1.36  -76.40   0.00    236   -999.9   226.0  -999.9   213.9  -999.9   215.1  -999.9     0.0     0.0  -999   0.0  N       0         0      0      0         0.00        0.00        0.00            0.00        0.00        0.00
   26     1.28  -76.56   0.50    134   -306.3   228.2     4.3   220.4    12.9   221.5    12.7     0.0    39.7   243   0.5  C      34         0      0      0         0.00        0.00        0.00            0.00        0.00        0.00
TOTAL TIME= 0.50   DELTAX -0.16   DELTAY -0.08   LAST IMAGE= R   END=NOR           TOT_IC=     0   TOT_CGNEG=     0   TOT_CGPOS=     0


FAMILY=    8 -  YEAR=2017 MONTH=  1 DAY=  1 HOUR= 1.00 FIRST MEMBER=  37 CLASSIF=NDS
 SYS#     XLAT    XLON   TIME   SIZE    DSIZE    TMED   DTMED    TMIN   DTMIN   TMIN9  DTMIN9    FRAC     VEL   DIR  T_INI CLA SYS_ANT      IN   CGNEG  CGPOS   pc_cgneg10%   pc_cgneg50%  pc_cgneg90%  pc_cgpos10%  pc_cgpos50%  pc_cgpos90%
   37     2.16  -76.12   0.00    103   -999.9   225.1  -999.9   214.7  -999.9   217.1  -999.9     0.0     0.0  -999   0.0  N       0         0      0      0         0.00        0.00        0.00            0.00        0.00        0.00
   28     2.16  -76.20   0.50    120     84.7   226.0     1.8   215.4     1.4   216.2    -1.7     0.0    17.8   270   0.5  C      37         0      0      0         0.00        0.00        0.00            0.00        0.00        0.00
TOTAL TIME= 0.50   DELTAX -0.08   DELTAY  0.00   LAST IMAGE= R   END=MER - NSYS:   TOT_IC=     0   TOT_CGNEG=     0   TOT_CGPOS=     0


FAMILY=    9 -  YEAR=2017 MONTH=  1 DAY=  1 HOUR= 1.00 FIRST MEMBER=  39 CLASSIF=NDS
 SYS#     XLAT    XLON   TIME   SIZE    DSIZE    TMED   DTMED    TMIN   DTMIN   TMIN9  DTMIN9    FRAC     VEL   DIR  T_INI CLA SYS_ANT      IN   CGNEG  CGPOS   pc_cgneg10%   pc_cgneg50%  pc_cgneg90%  pc_cgpos10%  pc_cgpos50%  pc_cgpos90%
   39    -3.64  -75.84   0.00    169   -999.9   224.5  -999.9   212.9  -999.9   213.7  -999.9     0.0     0.0  -999   0.0  N       0         0      0      0         0.00        0.00        0.00            0.00        0.00        0.00
   30    -3.64  -76.16   0.50    115   -211.3   226.6     4.0   220.7    15.7   222.1    16.7     0.0    62.2   270   0.5  C      39         0      0      0         0.00        0.00        0.00            0.00        0.00        0.00
   33    -3.64  -76.40   1.00     90   -135.5   230.8     8.5   226.7    11.9   228.7    13.3     0.0    53.3   270   1.0  C      30         0      0      0         0.00        0.00        0.00            0.00        0.00        0.00
TOTAL TIME= 1.00   DELTAX -0.56   DELTAY  0.00   LAST IMAGE= R   END=NOR           TOT_IC=     0   TOT_CGNEG=     0   TOT_CGPOS=     0


FAMILY=   10 -  YEAR=2017 MONTH=  1 DAY=  1 HOUR= 1.00 FIRST MEMBER=  49 CLASSIF=NDS
 SYS#     XLAT    XLON   TIME   SIZE    DSIZE    TMED   DTMED    TMIN   DTMIN   TMIN9  DTMIN9    FRAC     VEL   DIR  T_INI CLA SYS_ANT      IN   CGNEG  CGPOS   pc_cgneg10%   pc_cgneg50%  pc_cgneg90%  pc_cgpos10%  pc_cgpos50%  pc_cgpos90%
   49   -14.40  -74.20   0.00    679   -999.9   227.8  -999.9   217.4  -999.9   219.1  -999.9     0.0     0.0  -999   0.0  N       0         0      0      0         0.00        0.00        0.00            0.00        0.00        0.00
   42   -14.40  -74.28   0.50    545   -121.6   229.9     4.2   222.6    10.2   224.0     9.8     0.0    17.5   270   0.5  C      49         0      0      0         0.00        0.00        0.00            0.00        0.00        0.00
   42   -14.40  -74.16   1.00    321   -287.4   231.1     2.4   225.5     5.9   227.4     6.9     0.0    26.2    90   1.0  C      42         0      0      0         0.00        0.00        0.00            0.00        0.00        0.00
   42   -14.36  -74.24   1.50    207   -239.9   231.1    -0.1   219.4   -12.2   225.5    -3.8     0.0    19.6   296   1.5  C      42         0      0      0         0.00        0.00        0.00            0.00        0.00        0.00
   35   -14.28  -74.36   2.00    156   -156.1   229.9    -2.3   218.8    -1.3   223.8    -3.4     0.0    31.6   303   2.0  C      42         0      0      0         0.00        0.00        0.00            0.00        0.00        0.00
   41   -14.32  -74.48   2.50    166     34.5   228.7    -2.5   219.1     0.6   222.9    -1.8     0.0    27.7   251   2.5  C      35         0      0      0         0.00        0.00        0.00            0.00        0.00        0.00
   42   -14.32  -74.64   3.00    187     66.1   229.0     0.6   221.0     3.9   223.2     0.7     0.0    35.0   270   3.0  C      41         0      0      0         0.00        0.00        0.00            0.00        0.00        0.00
   35   -14.32  -74.76   3.50    189      5.9   229.6     1.3   222.6     3.1   226.8     7.3     0.0    26.2   270   3.5  C      42         0      0      0         0.00        0.00        0.00            0.00        0.00        0.00
   32   -14.20  -74.88   4.00     83   -433.0   230.7     2.1   225.2     5.3   236.2    18.8     0.0    37.1   314   4.0  C      35         0      0      0         0.00        0.00        0.00            0.00        0.00        0.00
TOTAL TIME= 4.00   DELTAX -0.68   DELTAY  0.20   LAST IMAGE= R   END=NOR           TOT_IC=     0   TOT_CGNEG=     0   TOT_CGPOS=     0


FAMILY=   11 -  YEAR=2017 MONTH=  1 DAY=  1 HOUR= 1.00 FIRST MEMBER=  58 CLASSIF=NDS
 SYS#     XLAT    XLON   TIME   SIZE    DSIZE    TMED   DTMED    TMIN   DTMIN   TMIN9  DTMIN9    FRAC     VEL   DIR  T_INI CLA SYS_ANT      IN   CGNEG  CGPOS   pc_cgneg10%   pc_cgneg50%  pc_cgneg90%  pc_cgpos10%  pc_cgpos50%  pc_cgpos90%
   58     2.40  -72.96   0.00    347   -999.9   225.8  -999.9   213.6  -999.9   216.0  -999.9     0.0     0.0  -999   0.0  N       0         0      0      0         0.00        0.00        0.00            0.00        0.00        0.00
   50     2.44  -73.12   0.50    232   -220.7   226.4     1.1   217.1     7.0   218.4     4.7     0.0    36.6   284   0.5  C      58         0      0      0         0.00        0.00        0.00            0.00        0.00        0.00
   46     2.48  -73.28   1.00    175   -155.6   229.9     7.0   223.2    12.1   224.7    12.7     0.0    36.6   284   1.0  C      50         0      0      0         0.00        0.00        0.00            0.00        0.00        0.00
TOTAL TIME= 1.00   DELTAX -0.32   DELTAY  0.08   LAST IMAGE= R   END=NOR           TOT_IC=     0   TOT_CGNEG=     0   TOT_CGPOS=     0


FAMILY=   12 -  YEAR=2017 MONTH=  1 DAY=  1 HOUR= 1.00 FIRST MEMBER=  59 CLASSIF=NDS
 SYS#     XLAT    XLON   TIME   SIZE    DSIZE    TMED   DTMED    TMIN   DTMIN   TMIN9  DTMIN9    FRAC     VEL   DIR  T_INI CLA SYS_ANT      IN   CGNEG  CGPOS   pc_cgneg10%   pc_cgneg50%  pc_cgneg90%  pc_cgpos10%  pc_cgpos50%  pc_cgpos90%
   59   -15.56  -72.04   0.00   1336   -999.9   225.2  -999.9   211.7  -999.9   214.8  -999.9     0.0     0.0  -999   0.0  N       0         0      0      0         0.00        0.00        0.00            0.00        0.00        0.00
   59   -15.68  -71.88   0.50    864   -142.1   225.6     0.9   214.3     5.1   217.1     4.4     0.0    17.4   270   0.5  S      59         0      0      0         0.00        0.00        0.00            0.00        0.00        0.00
   55   -15.80  -72.00   1.00    696   -119.7   227.1     2.8   215.7     2.8   218.7     3.3     0.0    37.0   225   1.0  C      59         0      0      0         0.00        0.00        0.00            0.00        0.00        0.00
   52   -15.76  -72.08   1.50    597    -85.1   228.2     2.2   218.4     5.4   222.0     6.5     0.0    19.5   296   1.5  C      55         0      0      0         0.00        0.00        0.00            0.00        0.00        0.00
   44   -15.80  -72.12   2.00    490   -109.4   228.7     1.1   218.8     0.7   221.1    -1.7     0.0    12.3   225   2.0  C      52         0      0      0         0.00        0.00        0.00            0.00        0.00        0.00
   51   -15.84  -71.96   2.50    299   -147.7   227.2    -3.0   218.4    -0.7   221.9     1.6     0.0    19.5   296   2.5  S      44         0      0      0         0.00        0.00        0.00            0.00        0.00        0.00
   57   -15.84  -72.04   3.00    318     34.2   226.8    -0.9   217.8    -1.3   219.7    -4.5     0.0    17.4   270   3.0  C      51         0      0      0         0.00        0.00        0.00            0.00        0.00        0.00
   47   -15.84  -72.16   3.50    282    -66.7   226.1    -1.3   217.1    -1.4   218.9    -1.5     0.0    26.2   270   3.5  C      57         0      0      0         0.00        0.00        0.00            0.00        0.00        0.00
   45   -15.84  -72.20   4.00    271    -22.1   226.7     1.2   216.4    -1.4   218.5    -0.9     0.0     8.7   270   4.0  C      47         0      0      0         0.00        0.00        0.00            0.00        0.00        0.00
   46   -15.80  -72.28   4.50    251    -42.6   228.1     2.8   218.1     3.4   220.1     3.3     0.0    19.5   296   4.5  C      45         0      0      0         0.00        0.00        0.00            0.00        0.00        0.00
   57   -15.76  -72.36   5.00    224    -63.2   228.4     0.6   220.1     3.9   221.8     3.4     0.0    19.5   296   5.0  C      46         0      0      0         0.00        0.00        0.00            0.00        0.00        0.00
   39   -15.76  -72.40   5.50    204    -51.9   228.5     0.1   220.4     0.7   222.6     1.6     0.0     8.7   270   5.5  C      57         0      0      0         0.00        0.00        0.00            0.00        0.00        0.00
   46   -15.80  -72.40   6.00    141   -202.9   228.9     0.9   222.2     3.7   224.0     2.9     0.0     8.7   180   6.0  C      39         0      0      0         0.00        0.00        0.00            0.00        0.00        0.00
   45   -15.80  -72.52   6.50    109   -142.2   231.2     4.6   222.2     0.0   224.7     1.3     0.0    26.2   270   6.5  C      46         0      0      0         0.00        0.00        0.00            0.00        0.00        0.00
TOTAL TIME= 6.50   DELTAX -0.48   DELTAY -0.24   LAST IMAGE= R   END=NOR           TOT_IC=     0   TOT_CGNEG=     0   TOT_CGPOS=     0


FAMILY=   13 -  YEAR=2017 MONTH=  1 DAY=  1 HOUR= 1.00 FIRST MEMBER=  62 CLASSIF=NDS
 SYS#     XLAT    XLON   TIME   SIZE    DSIZE    TMED   DTMED    TMIN   DTMIN   TMIN9  DTMIN9    FRAC     VEL   DIR  T_INI CLA SYS_ANT      IN   CGNEG  CGPOS   pc_cgneg10%   pc_cgneg50%  pc_cgneg90%  pc_cgpos10%  pc_cgpos50%  pc_cgpos90%
   62   -11.08  -72.72   0.00     79   -999.9   230.8  -999.9   222.2  -999.9   231.0  -999.9     0.0     0.0  -999   0.0  N       0         0      0      0         0.00        0.00        0.00            0.00        0.00        0.00
   52   -11.04  -73.00   0.50     78     -7.1   229.4    -2.8   219.1    -6.3   230.0    -2.0     0.0    62.3   278   0.5  C      62         0      0      0         0.00        0.00        0.00            0.00        0.00        0.00
   45   -11.04  -73.16   1.00     80     14.1   230.5     2.2   220.4     2.6   226.1    -7.9     0.0    35.2   270   1.0  C      52         0      0      0         0.00        0.00        0.00            0.00        0.00        0.00
TOTAL TIME= 1.00   DELTAX -0.44   DELTAY  0.04   LAST IMAGE= R   END=NOR           TOT_IC=     0   TOT_CGNEG=     0   TOT_CGPOS=     0
